...W-„dub Ἴ . ,,,μ 3333...

4. 14414

Γ 44 ι,44 1.,,11444114444444441444444441144444 0313333333030.
444444 444 14444444 14444144144144444414, 4444414441 141444 ,44444 33
41144 440444441444444 444144 ,Dominum Don 1444444144 444
1444444444 4444444444 14414444 4141444411 33 44414444 333333 {utqui
411 33q33 333301303 44141444414441111444411 4444141414 444( 44444 444
333333333 41444144444144444144444444444114
3333 144 4441444444444 4444441144 44144044444144044
444444 8444441444 44414144 444144- 444444444444-14414,
4444444 444444444444144444444144,41444444441444444-
14444ιζ444 44444444414444141444441 444444444441144444414
4444444414, 4444444444 4414444 444444444144444444
, 1,4444144444444ἰ,14444144411444414444444144444844444414414441
’4444441444444411046414414444 441444404444444441441
, 4444144441 33330133333333333333333 3333 44444144444414414441
‘3333333333033333313333333333 44441444444444444444 333 1441 3333·
⁹ 333033333333f333333 444 44 444144,44444444 ad 4444414444

4444444414) 4441144444444441114444444.,144Γῖ4444444ρί4
:s- 44444144 4444444144444114444444414441 4441414 330333333 (14-

4444 4114114 444 1444141444 ’1114 F3 4444114444 11414414 Qemad
’4444414444 444144 41144 (444444144144440441 1441444444) Dominus
3303 F3303333333 11414441 333 Η.,1144444 333 4444440444444144
. ,, 4414444444444 gubernator ,44144411414414 44144444 4143,
4441141444 4444 414 aque 4114441444 33 4411414444 oppos
44444414444444144444444444144444444441444444444441444
’4414444 4444414441444411444441444 33303333p33‘33330 44441144
4144444444441444444444144 8414411 44444 3330353333333333333-
41141111144114444444144144444411,044444444411141441444444
44444444 34444 4444444444 4444444444 444441444144414
411141444444444444144444441444444441444144444444441444

,44444444444444444444444144144444444444 44441441411444414
< ..4144444444 44444144414414441444414 333 411444 44441444εὸ4

’Ὗ .. . . 111116,

 

